1670349785709 0.2673828464384213 0
1670349797022 0.2565853749368721 0
1670349807759 0.2535860264691847 0
1670349818715 0.25184574518995273 0
1670349829622 0.2505208157828351 0
1670349840456 0.24965120462806453 0
1670349851371 0.2488820175958998 0
1670349862172 0.24837059825849175 0
1670349873211 0.24765917988431826 0
1670349884112 0.2470466211196127 0
1670349895222 0.24649329550685314 0
1670349905970 0.24605717853889303 0
1670349917098 0.2456806182785177 0
1670349927590 0.24540082570202792 0
1670349938423 0.24498372495468135 0
1670349949561 0.24493487273108505 0
1670349960393 0.2444922726021389 0
1670349971413 0.24421590517952746 0
1670349982464 0.24438109914247824 0
1670349992970 0.24390411438690004 0
1670350003722 0.24348594723152056 0
1670350014817 0.2433893433733782 0
1670350025698 0.24317693595828355 0
1670350036377 0.24293551361621743 0
1670350047361 0.24286227159951373 0
1670350058294 0.24265070726541213 0
1670350069266 0.24154894959591539 0
1670350080119 0.24121416527808506 0
1670350091085 0.24084595766929537 0
1670350101898 0.24059806357260755 0
1670350112736 0.24050028633845072 0
1670350123734 0.2395730703813487 0
1670350134434 0.2393344720173848 0
1670350145042 0.23916904579866408 0
1670350156074 0.23885005135119755 0
