1670335426435 0.1383028336944948 0
1670335437223 0.10005754597524501 0
1670335448255 0.09421775298443648 0
1670335459357 0.09115539799453047 0
1670335470432 0.09029914412071592 0
1670335481069 0.08904819702891065 0
1670335492118 0.08439702048100875 0
1670335503143 0.08322218992393977 0
1670335514114 0.08247395199343635 0
1670335525092 0.08067529517725494 0
1670335535721 0.0810659073060676 0
1670335546491 0.07949097563335333 0
1670335557058 0.07919485808278244 0
1670335567926 0.07972624525087857 0
1670335578829 0.07762025841713213 0
1670335589977 0.07764790881085862 0
1670335600891 0.07705838896020048 0
1670335611827 0.07641421963392242 0
1670335622360 0.0760809470006836 0
1670335633040 0.07563692132505019 0
1670335643862 0.07546259628870253 0
1670335654839 0.07534625436712908 0
1670335665799 0.07520497088113347 0
1670335676427 0.07453919630439901 0
1670335687650 0.07421581509133329 0
1670335698615 0.07463274825433024 0
1670335709421 0.07475991479387507 0
1670335720543 0.07396256161075501 0
