1677509176361 0.14023658462435817 0
1677509186572 0.10414282742736113 0
1677509198130 0.09985625806010799 0
1677509209513 0.09271672120150216 0
1677509221281 0.08949236127120079 0
1677509231268 0.08701976316077231 0
1677509242698 0.08455890988369105 0
1677509254237 0.08294868779554487 0
1677509265509 0.0815165839092556 0
1677509277070 0.08057130957921506 0
1677509287741 0.07906865589368255 0
1677509299370 0.0757594316909513 0
1677509310858 0.07494038734520454 0
1677509320763 0.07351031668278875 0
1677509332348 0.07311146896992707 0
1677509343175 0.07200701773264565 0
1677509354046 0.0716367837903077 0
1677509365561 0.07108249323013208 0
1677509376319 0.07086304352462541 0
1677509387726 0.0705805765378212 0
1677509399117 0.07082165103473026 0
1677509409827 0.07041098892302555 0
