1677513538584 0.49294721901275357 0
1677513549280 0.4210102695316963 0
1677513560649 0.3989188821238744 0
1677513571309 0.3853783870639756 0
1677513583304 0.37501886406504426 0
1677513595368 0.3678061003982205 0
1677513606246 0.3627152460392515 0
1677513617834 0.35803541144025347 0
1677513629148 0.35604190237875905 0
1677513640077 0.3462113354312262 0
1677513651294 0.34377302718132074 0
1677513662744 0.3422823860373761 0
1677513673946 0.3410521953520189 0
1677513685552 0.3369464849028889 0
1677513696898 0.3371901349454362 0
1677513707856 0.33690279264218576 0
1677513718954 0.33642602991635706 0
1677513730294 0.335835994889123 0
1677513740793 0.335415207283365 0
1677513752183 0.3356180042708349 0
1677513763572 0.3342126049706483 0
1677513775063 0.33474214671736846 0
1677513786593 0.3352408843343766 0
1677513797855 0.33525540859056535 0
