1670346121741 0.14698292618387263 0
1670346132622 0.10532547096866482 0
1670346143741 0.09658805750205714 0
1670346154870 0.09409414959837212 0
1670346165558 0.08808127429107176 0
1670346176154 0.08590679726699209 0
1670346187052 0.08406456446077598 0
1670346198103 0.08315827671814452 0
1670346208968 0.0810018877945344 0
1670346219853 0.07949448377573919 0
1670346230560 0.07892371802096994 0
1670346241188 0.0777980769734723 0
1670346252261 0.07721923135981157 0
1670346262877 0.0765637294203179 0
1670346273894 0.07541017051290522 0
1670346284879 0.07504232814574593 0
1670346295739 0.0739728258550439 0
1670346306866 0.07397607060125175 0
1670346317968 0.07408315330596926 0
1670346328963 0.07311808781334247 0
1670346339877 0.0719151464740515 0
1670346351138 0.0735123797756169 0
1670346362156 0.07177855257168589 0
1670346372724 0.07093571374632403 0
1670346383816 0.0710855236079467 0
1670346395014 0.0703463319381031 0
1670346405498 0.06745477618187595 0
1670346416676 0.06726189839277504 0
1670346427377 0.0665734854091158 0
1670346438214 0.06618684759663718 0
1670346449222 0.06613216918831455 0
1670346459994 0.06470884525372309 0
1670346470891 0.06431138567962358 0
1670346481858 0.0639788176062758 0
1670346492437 0.06388760514817092 0
