1670347849577 0.17901143252980123 0
1670347860009 0.13252805700472267 0
1670347871062 0.12101058708580334 0
1670347881622 0.1128907707496202 0
1670347892533 0.10902377046803789 0
1670347903358 0.10551843100311896 0
1670347914214 0.10282302629471174 0
1670347925056 0.10042825291454412 0
1670347935888 0.0991872684143825 0
1670347946861 0.09720186647255505 0
1670347957803 0.09651831582359946 0
1670347968471 0.09683955026588903 0
1670347979412 0.09341997574375023 0
1670347990397 0.09325664850003877 0
1670348001112 0.09186085363328837 0
1670348012043 0.09143889321449095 0
1670348022947 0.09007540328193916 0
1670348034011 0.09016296841227284 0
1670348044973 0.08924978630024709 0
1670348055776 0.0883458009542808 0
1670348066857 0.08823272653181072 0
1670348077791 0.08737164552079259 0
1670348088747 0.08710575658167816 0
1670348099827 0.08637884586538183 0
1670348110748 0.08572765617480263 0
1670348121711 0.08563227194909916 0
1670348132821 0.08232901742378276 0
1670348143836 0.08162646759984746 0
1670348154624 0.08105134536726541 0
1670348165464 0.08073126288074106 0
1670348176295 0.08036178707135466 0
1670348187139 0.0784351151231911 0
1670348198163 0.07792918045338237 0
1670348209161 0.07769759449591752 0
1670348219828 0.07732526737558165 0
