T2M

[0.4222, 0.3755, 0.4213, 0.2805, 0.4583, 0.4014]



U10

Epoch: 10
tensor([[0.4298, 0.3278, 0.3545, 0.4273, 0.3850, 0.3383]]

Epoch: 20
tensor([[0.3561, 0.2177, 0.2448, 0.3306, 0.2879, 0.2346]]

Epoch: 30
tensor([[0.2965, 0.1469, 0.1727, 0.2500, 0.2193, 0.1672]]

Epoch: 40
tensor([[0.2456, 0.0999, 0.1221, 0.1876, 0.1710, 0.1301]]

Epoch: 50
tensor([[0.2062, 0.0715, 0.0896, 0.1445, 0.1397, 0.1031]]



V10

Epoch: 10
tensor([[0.3779, 0.3109, 0.3396, 0.3549, 0.3568, 0.3285]],

Epoch: 20
tensor([[0.2791, 0.2063, 0.2375, 0.2541, 0.2685, 0.2279]]

Epoch: 30
tensor([[0.2072, 0.1383, 0.1628, 0.1808, 0.2031, 0.1617]]

Epoch: 40
tensor([[0.1539, 0.0928, 0.1091, 0.1276, 0.1563, 0.1164]]

Epoch: 50
tensor([[0.1179, 0.0651, 0.0750, 0.0930, 0.1258, 0.0875]]



Z

Epoch: 10
tensor([[0.4763, 0.4383, 0.4665, 0.4305, 0.4921, 0.4900]]

Epoch: 20
tensor([[0.4624, 0.3864, 0.4304, 0.3756, 0.4832, 0.4744]]

Epoch: 30
tensor([[0.4499, 0.3385, 0.3921, 0.3262, 0.4731, 0.4572]]

Epoch: 40
tensor([[0.4377, 0.2940, 0.3534, 0.2813, 0.4614, 0.4387]]

Epoch: 50
tensor([[0.4272, 0.2574, 0.3196, 0.2444, 0.4499, 0.4215]]



T

Epoch: 10
tensor([[0.4267, 0.4569, 0.4480, 0.4061, 0.4841, 0.4695]]

Epoch: 20
tensor([[0.3756, 0.4244, 0.4019, 0.3349, 0.4669, 0.4405]]

Epoch: 30
tensor([[0.3289, 0.3859, 0.3520, 0.2744, 0.4473, 0.4104]]

Epoch: 40
tensor([[0.2861, 0.3437, 0.3019, 0.2237, 0.4263, 0.3803]]


Epoch: 50
tensor([[0.2508, 0.3047, 0.2589, 0.1848, 0.4068, 0.3531]]





TCC


Epoch: 10
tensor([[0.4374, 0.3553, 0.3519, 0.4214, 0.4371, 0.3375]]

Epoch: 20
tensor([[0.3787, 0.2603, 0.2593, 0.3477, 0.3741, 0.2296]]

Epoch: 30
tensor([[0.3284, 0.1989, 0.1981, 0.2891, 0.3223, 0.1521]]

Epoch: 40
tensor([[0.2858, 0.1569, 0.1549, 0.2419, 0.2782, 0.1050]]

Epoch: 50
tensor([[0.2526, 0.1287, 0.1261, 0.2071, 0.2434, 0.0764]]


TP



Epoch: 10
tensor([[0.4363, 0.3508, 0.3471, 0.4047, 0.4156, 0.3423]]


Epoch: 20
tensor([[0.3928, 0.2481, 0.2397, 0.3514, 0.3540, 0.2348]]

Epoch: 30
tensor([[0.3631, 0.1712, 0.1619, 0.3045, 0.3016, 0.1609]]

Epoch: 40
tensor([[0.3442, 0.1164, 0.1086, 0.2627, 0.2576, 0.1105]]

Epoch: 50
tensor([[0.3392, 0.0818, 0.0756, 0.2296, 0.2232, 0.0788]]


