1670334365078 0.14498079108792644 0
1670334376260 0.10648237334281821 0
1670334387090 0.09955301029574677 0
1670334398192 0.09192629771242178 0
1670334408969 0.08993107130093869 0
1670334419627 0.08652107854229099 0
1670334430569 0.08432960319331928 0
1670334441353 0.08235351538561321 0
1670334452501 0.08059849315510764 0
1670334463295 0.08005029210308473 0
1670334473960 0.07953386764540292 0
1670334485118 0.07838208362022267 0
1670334496083 0.07663151303343278 0
1670334506828 0.07613267208194402 0
1670334517773 0.07554116852610057 0
1670334528577 0.07466113139409657 0
1670334539512 0.07377152539399402 0
1670334550530 0.07337822557599859 0
1670334561425 0.07281498477844714 0
1670334572367 0.07223860388048854 0
1670334583351 0.0720741131780987 0
1670334594328 0.06934855224268566 0
1670334605427 0.06903093463912413 0
1670334616132 0.06839796796857191 0
1670334626884 0.06768186537466969 0
1670334637892 0.06741735660019724 0
1670334648936 0.06599574438040438 0
1670334659693 0.06562261409999072 0
1670334670597 0.06524797523474797 0
1670334681563 0.06522722738715261 0
1670334692775 0.06494142955023238 0
1670334704040 0.06423930006877178 0
1670334714945 0.0639068758464312 0
1670334725838 0.06384537541508936 0
1670334736857 0.0636973795543069 0
1670334747931 0.06344285777522321 0
1670334759077 0.0631024255447034 0
1670334769909 0.06295858815293348 0
