1677511781080 0.08780897649960005 0
1677511791633 0.0645242710816238 0
1677511802169 0.0602477242166238 0
1677511811661 0.05736706205981124 0
1677511822749 0.05497610839405054 0
1677511833846 0.05317935758365682 0
1677511844892 0.05153847980695629 0
1677511855731 0.050026103004277414 0
1677511866573 0.048620474567801046 0
1677511877568 0.044727366009013544 0
1677511888369 0.04371058469701801 0
1677511898045 0.04290809450243746 0
1677511909014 0.04223526760916745 0
1677511919733 0.04084105115383183 0
1677511930252 0.040556790140243444 0
1677511941616 0.04032893188747857 0
1677511952761 0.04011310110193988 0
1677511963898 0.03970508238456723 0
1677511974720 0.039635356378301824 0
1677511985854 0.03957435768896547 0
1677511996234 0.039517826656177764 0
1677512007425 0.039403023721446606 0
