1670348300833 0.1926759183162058 0
1670348311539 0.15728340556171608 0
1670348322603 0.1476824716791486 0
1670348332863 0.14141815896723084 0
1670348343433 0.1386352059919048 0
1670348354216 0.13564946951195367 0
1670348365265 0.1324615828770424 0
1670348376526 0.1312694646476568 0
1670348387366 0.12917109725031023 0
1670348398138 0.12717661629396104 0
1670348408470 0.12569271528056164 0
1670348419542 0.12433191746212223 0
1670348430538 0.12348956839514814 0
1670348441324 0.12224193476378471 0
1670348452556 0.12100710876749736 0
1670348463693 0.121192506329381 0
1670348475069 0.12012592449901226 0
1670348486130 0.1188291222099123 0
1670348497292 0.11795449493781648 0
1670348507834 0.11731238537547058 0
1670348518899 0.11662859558177965 0
1670348529925 0.11599547807606582 0
1670348540847 0.11525728060046476 0
1670348551854 0.11511548491458994 0
1670348562917 0.11537665924080141 0
1670348573614 0.11386561410871816 0
1670348584333 0.11088899085422266 0
1670348595208 0.11015694120908702 0
1670348606094 0.11021700835419432 0
1670348616738 0.10912737616805791 0
1670348627531 0.10841690378236736 0
1670348638525 0.1069673367468822 0
1670348649513 0.10629621425381454 0
1670348660643 0.10616606042580484 0
1670348671500 0.10584752757573437 0
