1670333743315 0.13810720100392387 0
1670333754241 0.10512982585184721 0
1670333765261 0.09603171641944337 0
1670333776321 0.09239668953231617 0
1670333787458 0.08852748627084127 0
1670333798291 0.08947099952241717 0
1670333809109 0.08368793386659346 0
1670333819949 0.08331342495408105 0
1670333831078 0.08400794519660551 0
1670333842236 0.08022078574057324 0
1670333853128 0.07994525258309172 0
1670333863814 0.07803657279710392 0
1670333875026 0.07718650009710873 0
1670333886030 0.07673450084384459 0
1670333896967 0.07609379336681216 0
1670333907776 0.07532215512490747 0
1670333918805 0.07477039317130434 0
1670333929953 0.0748172308525523 0
1670333941171 0.0735725311942835 0
1670333951951 0.0725787717044669 0
