1677509740687 0.13625197236170014 0
1677509752005 0.10092317008894928 0
1677509763352 0.09340294461536199 0
1677509775026 0.08858414393698219 0
1677509785615 0.08724035256985745 0
1677509796984 0.08405537180280268 0
1677509808594 0.08289941831903751 0
1677509820055 0.08223946808920135 0
1677509831277 0.08038727898741534 0
1677509842971 0.07985658822219113 0
1677509854538 0.07918394387018553 0
1677509865288 0.0760756321870121 0
1677509876933 0.075073837876309 0
1677509888047 0.07290541700478953 0
1677509899416 0.07415824688510056 0
1677509910275 0.07167946582897712 0
1677509921816 0.0715488668379557 0
1677509932926 0.07067662711522292 0
1677509944535 0.07033108942432328 0
1677509956076 0.07008304124652828 0
