1677511146605 0.14209024347589277 0
1677511157902 0.10147784053626603 0
1677511168621 0.09452956518235488 0
1677511179799 0.09427725574296415 0
1677511191393 0.08812152005923797 0
1677511201416 0.08677864053357494 0
1677511212619 0.08467046455769975 0
1677511223342 0.08341414878883595 0
1677511234894 0.08253648634819812 0
1677511246181 0.07706928827707557 0
1677511257473 0.07622769299835418 0
1677511268387 0.0764101497797684 0
1677511279181 0.07541843713537405 0
1677511290291 0.07376556778110756 0
1677511300917 0.0735608124916822 0
1677511312364 0.07338222268262382 0
1677511323850 0.07325891610000403 0
1677511334951 0.0727460099848915 0
1677511346203 0.07284762168979314 0
1677511357220 0.0726039464248752 0
1677511368487 0.07266585098868153 0
1677511379717 0.07264484457099149 0
1677511390910 0.07262603550344342 0
