1667904028457 0.7705381512641907 0
1667904029090 0.300591379404068 0
1667904029885 0.22465325891971588 0
1667904030641 0.19549807906150818 0
1667904031430 0.1779533475637436 0
1667904032087 0.1592765599489212 0
1667904032696 0.14678050577640533 0
1667904033303 0.13871045410633087 0
1667904033912 0.1298663318157196 0
1667904034609 0.12814579904079437 0
1667904035221 0.11942345649003983 0
1667904035813 0.11623792350292206 0
1667904036556 0.11300573498010635 0
1667904037322 0.1107257828116417 0
1667904038154 0.10799230635166168 0
1667904038903 0.10329727828502655 0
1667904039653 0.10048818588256836 0
1667904040420 0.09805465489625931 0
1667904041027 0.09562713652849197 0
1667904041638 0.09478224068880081 0
1667904042431 0.09206323325634003 0
1667904043196 0.09185812622308731 0
1667904043948 0.08496491611003876 0
1667904044739 0.08701823651790619 0
1667904045584 0.08593142777681351 0
1667904046413 0.08293487131595612 0
1667904047241 0.08030597120523453 0
1667904048117 0.07942438870668411 0
1667904048973 0.07734540104866028 0
1667904049840 0.07941287010908127 0
1667904050633 0.07523234188556671 0
1667904051366 0.07441124320030212 0
1667904051973 0.07260750979185104 0
1667904052555 0.07309205085039139 0
1667904053163 0.07431252300739288 0
1667904053778 0.07163156569004059 0
1667904054543 0.0708548054099083 0
1667904055342 0.07099679857492447 0
1667904056145 0.07111802697181702 0
1667904056937 0.07052741199731827 0
1667904057747 0.06844016164541245 0
1667904058622 0.06825362145900726 0
1667904059414 0.06699265539646149 0
1667904060223 0.06702657788991928 0
1667904060909 0.06932107359170914 0
1667904061649 0.06849602609872818 0
1667904062530 0.06876801699399948 0
1667904063401 0.06724444031715393 0
1667904064113 0.067543625831604 0
1667904064834 0.0643095076084137 0
1667904065636 0.06530696153640747 0
1667904066476 0.06366106122732162 0
1667904067250 0.06552879512310028 0
1667904068035 0.06588341295719147 0
1667904068867 0.06320468336343765 0
1667904069758 0.06347306072711945 0
1667904070522 0.06492169946432114 0
1667904071392 0.06328998506069183 0
1667904072109 0.062345948070287704 0
1667904073020 0.06632213294506073 0
1667904073802 0.061888437718153 0
1667904074608 0.061911411583423615 0
1667904075312 0.06095265597105026 0
1667904076067 0.060695547610521317 0
1667904076679 0.06009557098150253 0
1667904077403 0.06329295784235 0
1667904078186 0.06119018420577049 0
1667904078922 0.057757023721933365 0
1667904079711 0.05988005921244621 0
1667904080608 0.06535723805427551 0
1667904081392 0.06527654081583023 0
1667904082166 0.06738444417715073 0
1667904082978 0.06351159512996674 0
1667904083804 0.06519147008657455 0
1667904084556 0.06237192079424858 0
1667904085277 0.06225421652197838 0
1667904086085 0.06338624656200409 0
1667904086787 0.06513553112745285 0
1667904087638 0.0651322677731514 0
1667904088369 0.06334491819143295 0
1667904089134 0.06407144665718079 0
1667904089944 0.06454973667860031 0
1667904090730 0.061943892389535904 0
1667904091355 0.06058148667216301 0
1667904091963 0.06098300591111183 0
1667904092570 0.06172116845846176 0
1667904093181 0.06549320369958878 0
1667904093788 0.0622420571744442 0
1667904094373 0.06031365320086479 0
1667904094980 0.06240082532167435 0
1667904095722 0.05871114134788513 0
1667904096516 0.06037392094731331 0
1667904097295 0.060856983065605164 0
1667904098053 0.06262023001909256 0
1667904098877 0.05920581892132759 0
1667904099579 0.06346174329519272 0
1667904100290 0.05993807688355446 0
1667904101105 0.060876600444316864 0
1667904101939 0.06584223359823227 0
1667904102740 0.06173966825008392 0
1667904103551 0.060417626053094864 0
1667904104327 0.05615011975169182 0
1667904105153 0.05929121375083923 0
1667904105967 0.05779331177473068 0
1667904106790 0.05990086495876312 0
1667904107626 0.05855640769004822 0
1667904108457 0.05806140974164009 0
1667904109318 0.058790601789951324 0
1667904110120 0.05845378339290619 0
1667904110949 0.057414088398218155 0
