1670336618034 0.13793097115777056 0
1670336628904 0.10416522011810855 0
1670336639936 0.09460475879698736 0
1670336650858 0.09006174788664979 0
1670336661964 0.089879713972939 0
1670336673125 0.08509247010425182 0
1670336683914 0.08397010117796438 0
1670336694918 0.08152639378099508 0
1670336705960 0.07997215120249322 0
1670336716970 0.08287876457802722 0
1670336728064 0.08062821669226299 0
1670336739204 0.07757043462504347 0
1670336750278 0.07833918366668911 0
1670336761539 0.07619162851396889 0
1670336772283 0.075519904898159 0
1670336783059 0.07522721051065608 0
1670336794132 0.07483177624070356 0
1670336805179 0.07412112492685184 0
1670336816076 0.073236574460488 0
1670336826690 0.07235524463711222 0
1670336837890 0.0725598061624877 0
1670336848717 0.07178442875852462 0
1670336860056 0.07131104710861853 0
1670336870978 0.07078423494376891 0
1670336882090 0.07089496896467759 0
1670336893160 0.07000731544504202 0
1670336904145 0.06990106592845864 0
1670336914893 0.06916846859153768 0
1670336925815 0.06901664383264762 0
1670336936702 0.06880924969892538 0
1670336947821 0.06883429892756879 0
1670336958787 0.06841149357567196 0
1670336969854 0.06771271995320266 0
1670336981182 0.06734041115335357 0
1670336992276 0.06698571475092502 0
1670337003446 0.06715736518250066 0
1670337014692 0.06653782070977646 0
1670337025559 0.06637570294183544 0
1670337036217 0.06596374148436654 0
1670337047167 0.06594612480887946 0
1670337057913 0.06555111836461848 0
1670337068783 0.06525707905960793 0
1670337079984 0.06514465700080957 0
