1677515311217 0.6343839802017915 0
1677515322065 0.5966378522954907 0
1677515333782 0.5792217074269077 0
1677515345112 0.570662098691115 0
1677515355647 0.5645603936809457 0
1677515366735 0.5595003934449622 0
1677515377229 0.5552438925295595 0
1677515388063 0.5517146855206532 0
1677515399041 0.5483339683790671 0
1677515410096 0.5414383482880827 0
1677515421503 0.5396479956532377 0
1677515432617 0.5382934096825995 0
1677515444048 0.5369730035217384 0
1677515455246 0.5353309871245745 0
1677515466296 0.5339586110440543 0
1677515477718 0.5338226569669268 0
1677515488959 0.5334092270046457 0
1677515500212 0.5324401123981924 0
1677515511442 0.5325402874736852 0
1677515522695 0.5325916582138178 0
1677515533826 0.532838909985876 0
1677515544725 0.5324352340044212 0
1677515555413 0.5322084625416982 0
1677515566475 0.5322197720416598 0
