1677510185324 0.13659413393330544 0
1677510196524 0.10282382286498964 0
1677510207776 0.09423231997641579 0
1677510219180 0.09278287178170269 0
1677510229907 0.0872270098990562 0
1677510241384 0.08540271685074054 0
1677510252597 0.08519131848685475 0
1677510264156 0.08261437599737076 0
1677510274860 0.0813588582782942 0
1677510285688 0.07732922344486041 0
1677510297197 0.07606722244377183 0
1677510308770 0.07439805489073575 0
1677510320238 0.07405619521382778 0
1677510331098 0.07354475466422648 0
1677510342635 0.07355544185916923 0
1677510352969 0.07341421234534809 0
1677510364181 0.0732854948625401 0
1677510375590 0.07326670299836767 0
1677510387024 0.07333245857949021 0
1677510398476 0.07324270256098919 0
