1670335779417 0.14241033642233059 0
1670335790179 0.10676714295882077 0
1670335801497 0.09675202924886701 0
1670335812546 0.09226458267310302 0
1670335823573 0.0904217412500491 0
1670335834299 0.08731012089852108 0
1670335845245 0.08504576744726919 0
1670335855855 0.08293097996705204 0
1670335866625 0.08176937065223074 0
1670335877854 0.07993491068088045 0
1670335888990 0.07884798566096018 0
1670335899928 0.0785942488499727 0
1670335910835 0.07711238399226858 0
1670335921536 0.07612822844634462 0
1670335932643 0.07557787999393818 0
1670335943831 0.0752071240581307 0
1670335954761 0.07435803301530416 0
1670335965616 0.07351227253702658 0
1670335976653 0.07304523285967217 0
1670335987765 0.07390012790206402 0
1670335998710 0.07192122693516778 0
1670336009721 0.06958655076215989 0
1670336020679 0.06936363469272835 0
1670336031791 0.06858714734127452 0
1670336042864 0.06800305846344927 0
1670336053984 0.06769610140326468 0
1670336065022 0.06644912545459944 0
1670336076064 0.06601226881899784 0
1670336086921 0.06586263866812606 0
1670336097903 0.06567306127409404 0
1670336107974 0.0652878802323411 0
1670336119127 0.0644523821510055 0
1670336130164 0.06437301593111106 0
1670336141051 0.06415561895438802 0
1670336151916 0.06404446874668529 0
1670336162440 0.06393319388828066 0
1670336173396 0.06345268955267591 0
1670336184222 0.06333095719655361 0
1670336195049 0.0631796630280615 0
1670336206069 0.0632524307892692 0
1670336217222 0.06323997730834247 0
