1670344522479 0.14260709004112568 0
1670344533266 0.10684819666926804 0
1670344544320 0.09751301495279137 0
1670344555702 0.09979318215733224 0
1670344566580 0.09142683094615896 0
1670344577608 0.08760462645159127 0
1670344588752 0.08594238354349729 0
1670344599954 0.08455187207532203 0
1670344610482 0.08255752491529982 0
1670344621393 0.08231961414514395 0
1670344632698 0.08038205930157112 0
1670344643614 0.08218587097171494 0
1670344654610 0.07809523494955309 0
1670344665551 0.07794914439627888 0
1670344676166 0.077020293486164 0
1670344687209 0.07616891462963023 0
1670344698399 0.07501223841371012 0
1670344709539 0.07527171264498267 0
1670344720699 0.0748976165373344 0
1670344731798 0.07427368494613172 0
1670344742884 0.07322691326175952 0
1670344754038 0.07290146661557557 0
1670344765156 0.07263976051182311 0
1670344775777 0.07208143255015015 0
1670344786587 0.07174167831566543 0
1670344797543 0.07118145615912241 0
1670344808561 0.06872899109284511 0
1670344819376 0.0681879218707861 0
1670344830293 0.06759563611072766 0
1670344841129 0.06749785299048978 0
1670344851998 0.06698489349337472 0
1670344862923 0.0656610227486234 0
1670344873626 0.0654455997616863 0
1670344884621 0.06521171547960661 0
1670344895766 0.06475222203489593 0
1670344906828 0.06466392663479678 0
1670344917820 0.06394479177629758 0
1670344928968 0.06379937404009586 0
1670344940004 0.06363356164903901 0
1670344950921 0.06350398206443199 0
