1677508841969 0.1350183980071995 0
1677508854080 0.10118674557315409 0
1677508865487 0.09223189053172764 0
1677508877624 0.08912533485752362 0
1677508888723 0.08644879295222622 0
1677508900384 0.08483126107484325 0
1677508911360 0.08348485458928491 0
1677508922709 0.08263691519897857 0
1677508933853 0.08131970767476389 0
1677508944715 0.08083016425643139 0
1677508956929 0.07962588265573571 0
1677508967884 0.07465349327073216 0
1677508978597 0.0735129716283084 0
1677508989721 0.07312283461781222 0
1677509000336 0.07296931419299235 0
1677509011132 0.07277160422370955 0
1677509021963 0.07288778524592228 0
1677509032194 0.07278044061637703 0
1677509042841 0.07289425350302739 0
1677509053988 0.07269869866211673 0
