1677512658418 0.14615917983640828 0
1677512669433 0.10820884454324312 0
1677512679719 0.0969203425002568 0
1677512690872 0.09218007461974428 0
1677512702189 0.08883582041290342 0
1677512713293 0.08726689557123846 0
1677512724471 0.08434842673639764 0
1677512736368 0.08336204558687067 0
1677512747331 0.08170181238552279 0
1677512758591 0.0773412889781758 0
1677512769783 0.07645316470532026 0
1677512780384 0.0760625324113936 0
1677512791423 0.07552841965528621 0
1677512802447 0.07414455725576 0
1677512814063 0.07399654200497412 0
1677512825669 0.07355266203245427 0
1677512837474 0.07385992620777401 0
1677512848307 0.0734588538554381 0
1677512859282 0.07314840975219392 0
1677512870501 0.07328637420239077 0
1677512881596 0.07317754317725698 0
1677512892838 0.07310631766515527 0
1677512903686 0.07304522168312136 0
1677512915242 0.07308653578621821 0
