1670347515118 0.1810650251374712 0
1670347525981 0.12928819572741718 0
1670347536785 0.12496006354855499 0
1670347548006 0.11382387690130519 0
1670347558980 0.10903337399717838 0
1670347569994 0.10701455962409893 0
1670347580991 0.10187252094589418 0
1670347592131 0.10027688327339754 0
1670347602734 0.09840130688750759 0
1670347613576 0.0968323671909161 0
1670347624328 nan 0
1670347635470 nan 0
1670347646411 nan 0
1670347657599 nan 0
1670347668915 nan 0
1670347679911 nan 0
1670347690710 nan 0
1670347701823 nan 0
1670347712652 nan 0
1670347723860 nan 0
1670347734781 nan 0
