1677514182306 0.5501455068805832 0
1677514193425 0.47162874103636826 0
1677514204378 0.45081868316814355 0
1677514215426 0.43765867781217005 0
1677514227170 0.4295447312158093 0
1677514239562 0.42209520530235073 0
1677514251555 0.41630441970819976 0
1677514263462 0.4119958098590929 0
1677514274896 0.4088407232174366 0
1677514285958 0.3998778379622722 0
1677514297004 0.3972067320013943 0
1677514308208 0.39612294672331383 0
1677514318991 0.39480635968192823 0
1677514330542 0.3927945092192617 0
1677514341887 0.3907932679047004 0
1677514353080 0.390918913723496 0
1677514365002 0.3906290953797697 0
1677514376893 0.39102985569977766 0
1677514388415 0.3898361896887642 0
1677514399697 0.3906013924648214 0
1677514411485 0.38930290532734385 0
1677514422478 0.3896464254923993 0
1677514433606 0.3893967479723042 0
1677514444532 0.3901624695557185 0
