1677514749582 0.192796921864394 0
1677514760192 0.15845983113320472 0
1677514771591 0.15069571056925568 0
1677514782763 0.14426668476484014 0
1677514794174 0.13989756411092083 0
1677514805155 0.13650435406451547 0
1677514816214 0.13270569442587626 0
1677514827517 0.13087010059011397 0
1677514838484 0.12994649044205225 0
1677514849774 0.12425406953837667 0
1677514860532 0.12352673603460766 0
1677514871595 0.1226328868166681 0
1677514882765 0.12192345834312528 0
1677514894182 0.12065820205432477 0
1677514905361 0.12038657001078096 0
1677514916701 0.11982455276881589 0
1677514928202 0.11981254074396847 0
1677514939836 0.11925311193895462 0
1677514951327 0.11937805519886839 0
1677514963078 0.11917190904691502 0
1677514974199 0.11903708731933414 0
1677514985522 0.11905596277578444 0
1677514996863 0.11895630453315655 0
1677515007915 0.11900330266501699 0
