1667904816038 0.7705214023590088 0
1667904816719 0.30573979020118713 0
1667904817466 0.233531653881073 0
1667904818077 0.1968209445476532 0
1667904818685 0.17591136693954468 0
1667904819290 0.1596183180809021 0
1667904819901 0.14954671263694763 0
1667904820511 0.13708806037902832 0
1667904821119 0.12894028425216675 0
1667904821731 0.1251889020204544 0
1667904822352 0.11830145865678787 0
1667904824947 0.1129133403301239 0
1667904825577 0.11219075322151184 0
1667904826192 0.11139567941427231 0
1667904827007 0.10135594755411148 0
1667904827740 0.09854795038700104 0
1667904828570 0.09850563853979111 0
1667904829367 0.09201236814260483 0
1667904830190 0.09332245588302612 0
1667904830938 0.09189784526824951 0
1667904831793 0.08859714865684509 0
1667904832595 0.08659110963344574 0
1667904835398 0.08655878901481628 0
1667904836106 0.08133944869041443 0
1667904836838 0.07986479997634888 0
1667904837563 0.0801548883318901 0
1667904838410 0.08166972547769547 0
1667904839207 0.07736168056726456 0
1667904839876 0.07770752161741257 0
