1670348893557 0.6354490422184265 0
1670348904466 0.5946214863213555 0
1670348915473 0.5789295885114257 0
1670348926184 0.5698001802261347 0
1670348937086 0.5634447810401402 0
1670348948071 0.5592615293703673 0
1670348958617 0.5553774190527785 0
1670348969683 0.5526768309636193 0
1670348980470 0.5497752950669728 0
1670348991290 0.5475847362427625 0
1670349002167 0.5453759653765391 0
1670349013326 0.5437057251193963 0
1670349024241 0.5417572189082323 0
1670349035519 0.5407515702662753 0
1670349046732 0.5385513240826741 0
1670349057744 0.5370996637182485 0
1670349068647 0.5356883893898096 0
1670349079415 0.5338711837147857 0
1670349090020 0.5324793642869199 0
1670349101018 0.5316437285711 0
1670349112181 0.5300614002478081 0
1670349122957 0.5285489156279257 0
1670349134098 0.5277631682382706 0
1670349145123 0.5263102811811005 0
1670349156334 0.5252805529045002 0
1670349167579 0.5239300014307343 0
1670349178195 0.518035836013309 0
1670349189438 0.5154711255780927 0
1670349200276 0.514087519885676 0
1670349210988 0.5127153579478152 0
1670349221936 0.5117127692521021 0
1670349232965 0.5074613482211493 0
1670349244160 0.5060064314240238 0
1670349255082 0.5051817105272909 0
1670349266180 0.5043921904758416 0
