1670336235341 0.1410967764706589 0
1670336246215 0.10446834821491308 0
1670336257190 0.09636694163105787 0
1670336267910 0.0923517756578826 0
1670336279095 0.08800530721261611 0
1670336289927 0.08665895106573135 0
1670336300611 0.08372661372370302 0
1670336311627 0.07894431897830867 0
1670336322610 0.07799933098771969 0
1670336333439 0.07715528945588657 0
1670336344558 0.07635845534801265 0
1670336355384 0.07609908739936071 0
1670336366311 0.07605556929240938 0
1670336377522 0.07580338872535361 0
1670336388710 0.07598940760229034 0
1670336399280 0.07568643208260649 0
