1670346664648 0.4895810575070967 0
1670346675449 0.4248314667061355 0
1670346686322 0.4009858090950638 0
1670346697139 0.3870231858416399 0
1670346708160 0.3777614511654181 0
1670346719137 0.3691316533695718 0
1670346730553 0.3636413301118731 0
1670346741592 0.35973929322142306 0
1670346752403 0.35670809494815925 0
1670346763085 0.3539779197018737 0
1670346774154 0.35131564531301923 0
1670346785193 0.34869641808071894 0
1670346796047 0.34655963487924507 0
1670346806833 0.3450587695098354 0
1670346817708 0.3427156057371278 0
1670346828719 0.3415364896071873 0
1670346839332 0.3402516451069508 0
1670346850130 0.33851339627104227 0
1670346860652 0.33722509278131024 0
1670346871448 0.33588364106783314 0
1670346882317 0.33482071766019583 0
1670346893513 0.33338422105355425 0
1670346904525 0.33259400716117754 0
1670346915412 0.33200787034189644 0
1670346926200 0.3295949338387129 0
1670346937064 0.32896005233223147 0
1670346947829 0.32244973891210893 0
1670346959075 0.3214473697929884 0
1670346969758 0.3200391682912277 0
1670346980842 0.31934791847418903 0
1670346991320 0.3182018090391011 0
1670347002333 0.3142269882957394 0
1670347013204 0.3133800094319991 0
1670347024255 0.3123078741368466 0
1670347035166 0.3116668530799847 0
