1670338331375 0.14055250965971258 0
1670338342272 0.10523402513835874 0
1670338353426 0.09613107241789427 0
1670338364715 0.09103543816403242 0
1670338375381 0.08850647908891938 0
1670338386555 0.08658206074488906 0
1670338397525 0.08418806325994414 0
1670338408473 0.08212645592443002 0
1670338419422 0.08191675759021068 0
1670338430256 0.0807629593408854 0
1670338441242 0.0788827880218878 0
1670338452510 0.07768602856081493 0
1670338463554 0.076525848571685 0
1670338474696 0.07594234297545989 0
1670338486017 0.07565157399938628 0
1670338496719 0.07490073652881235 0
1670338507250 0.07457877119122945 0
1670338517871 0.07344876262807219 0
1670338528361 0.07295386365516753 0
1670338539172 0.07213198627204351 0
1670338550141 0.07195812746743735 0
1670338560655 0.07130898666884435 0
1670338571628 0.07098514867222729 0
1670338582841 0.07092572878662046 0
1670338593970 0.07077637968473048 0
1670338604973 0.07057014849770567 0
1670338615671 0.06732739764074488 0
1670338626503 0.06667877301821244 0
1670338637657 0.06640286229416215 0
1670338648469 0.06605079379541244 0
1670338659652 0.06555603320218607 0
1670338669921 0.0644110618436243 0
1670338680835 0.06394101674225693 0
1670338692005 0.06380970155584657 0
1670338703262 0.06345080597274146 0
1670338714370 0.06324539076095624 0
1670338725386 0.06239393155809018 0
1670338736646 0.06222422022136551 0
1670338747393 0.062093678920329715 0
1670338758174 0.061900533941768345 0
