1677515648561 0.2628889726605766 0
1677515660039 0.2555363810145087 0
1677515671023 0.2534102939938211 0
1677515682045 0.25160125995894206 0
1677515693069 0.25041605324929245 0
1677515704184 0.24951969455369394 0
1677515715189 0.24897015161661362 0
1677515726273 0.24809961487372703 0
1677515737783 0.24753891409999113 0
1677515748653 0.2463587927631184 0
1677515759996 0.24592158207603562 0
1677515771019 0.24555530055179758 0
1677515781865 0.24550100636919564 0
1677515792130 0.2449913897404903 0
1677515803589 0.24493455045641851 0
1677515814981 0.2448519495286783 0
1677515826183 0.2447380228571527 0
1677515837515 0.24467321865085181 0
1677515848197 0.24455808086766445 0
1677515860521 0.24458968940171083 0
1677515871644 0.2445873202013913 0
1677515882673 0.24454732561529194 0
1677515894190 0.24452497300864093 0
1677515905392 0.2445179761723459 0
