1677512232359 0.14132349405231692 0
1677512243858 0.09941785448190178 0
1677512254945 0.09548850982380427 0
1677512266246 0.08997655747895868 0
1677512277662 0.08712877535100923 0
1677512289095 0.08550148898013905 0
1677512300244 0.08374297928638236 0
1677512311378 0.0821746207500357 0
1677512322690 0.08148174948866599 0
1677512333825 0.08087540797441845 0
1677512344876 0.08087230808006235 0
1677512356046 0.075135551428388 0
1677512366821 0.07439831246406542 0
1677512377717 0.07352497011319763 0
1677512388986 0.07327781652317449 0
1677512400263 0.07321986873032599 0
1677512411546 0.07321141270482424 0
1677512422618 0.07329077134359316 0
1677512433738 0.07327639185766557 0
1677512444882 0.0731779582000253 0
