1670337102923 0.14304848653890723 0
1670337113897 0.10238151910705796 0
1670337124782 0.09553794534531883 0
1670337136022 0.09081936000738729 0
1670337147024 0.08770492908037107 0
1670337158393 0.08614129932377325 0
1670337169773 0.08429767925045442 0
1670337180750 0.08141577398963035 0
1670337191495 0.08068623806758396 0
1670337202225 0.0797388259036564 0
1670337213014 0.08001575617758457 0
1670337224091 0.07760522909616115 0
1670337235034 0.07705284312821627 0
1670337245665 0.07623332415369659 0
1670337256550 0.07525947309389974 0
1670337267712 0.07461470873561692 0
1670337278421 0.07396166611596776 0
1670337289270 0.07347090513487763 0
1670337300094 0.07355155240316681 0
1670337310811 0.07252264092179149 0
1670337321582 0.07199575062443422 0
1670337332280 0.07138055439635249 0
1670337343327 0.07142019678715655 0
1670337354244 0.07029750678694408 0
1670337365409 0.07022700341682535 0
1670337376345 0.0702177524127421 0
1670337387336 0.06734952783417061 0
1670337398270 0.06714230998915398 0
1670337409344 0.06628975619958534 0
1670337420314 0.06620057321218684 0
1670337431520 0.06558741169088751 0
1670337442678 0.06424996946268784 0
1670337453502 0.06386515487282571 0
1670337464406 0.06360087743418934 0
1670337475392 0.06341086328369594 0
1670337486257 0.06317156200593113 0
1670337496892 0.06256850898404542 0
1670337507376 0.06222920805259351 0
1670337517867 0.062130615952149165 0
1670337528953 0.06200787584958753 0
1670337539711 0.06186831440775906 0
1670337550669 0.061533823285709444 0
1670337562006 0.061427588477189536 0
1670337573030 0.061447538641475376 0
1670337584052 0.0613889467031672 0
1670337595100 0.061214277631942975 0
1670337606284 0.0611195612694034 0
1670337617240 0.06104929474044573 0
