1677514469588 0.1804366584763211 0
1677514480863 0.13031291650673793 0
1677514492033 0.11892525499119204 0
1677514503169 0.11340991130224826 0
1677514514338 0.10909415279987802 0
1677514524536 0.1046842172412808 0
1677514535616 0.10205468394815498 0
1677514546753 0.10009823189880056 0
1677514558126 0.09761097329493791 0
1677514568961 0.09257975991439332 0
1677514579823 0.09145414973941461 0
1677514591170 0.09123502033408225 0
1677514602404 0.08999698927181005 0
1677514613466 0.0882692878539272 0
1677514624594 0.08840311118874983 0
1677514635497 0.08770115032375979 0
1677514646723 0.08767776845999063 0
1677514657654 0.08725774517175076 0
1677514668902 0.08719218379934679 0
1677514679588 0.08721091489484872 0
1677514690849 0.0869188025936438 0
1677514701982 0.08701325206724826 0
1677514713237 0.08700353475459237 0
1677514724573 0.08720114330133397 0
