1670153373778 0.28582790910621086 0
1670153385898 0.2377671444556382 0
1670153397866 0.22853290822834924 0
1670153410024 0.22262756651303786 0
1670153422073 0.21819694112319324 0
1670153433761 0.2146549518008501 0
1670153445752 0.21191568575564212 0
1670153457819 0.20928250757974307 0
1670153469553 0.20567763445966541 0
1670153481573 0.20228148560592304 0
1670153493617 0.19934532030815844 0
1670153505747 0.19652800811894902 0
1670153517803 0.19444734232881292 0
1670153530013 0.19318993775257992 0
1670153541998 0.19237820229993333 0
1670153554294 0.1915688181928658 0
1670153566089 0.19091947042750582 0
1670153578257 0.19031060516268564 0
1670153589921 0.18978654251500712 0
1670153601842 0.18926929394614417 0
1670153613688 0.18882835917902333 0
1670153625486 0.18851476481827228 0
1670153637172 0.18805798146004093 0
1670153649170 0.18761249915986497 0
1670153661273 0.18746911287634102 0
1670153673641 0.18702641023425948 0
1670153685959 0.186700683282248 0
1670153698084 0.18643862190451538 0
1670153710345 0.18607080344475846 0
1670153722199 0.18590513607145423 0
1670153734307 0.18565360151420307 0
1670153746111 0.18543028790142702 0
1670153758018 0.18512444257420724 0
1670153769968 0.1848866120483954 0
1670153781734 0.1847144262152968 0
1670153793808 0.1845044152001043 0
1670153805876 0.18246220066656615 0
1670153817659 0.1822611526277601 0
1670153829680 0.18196564362059547 0
1670153841735 0.18185722653579486 0
1670153853814 0.18165619226404078 0
1670153866001 0.18058187377063392 0
1670153878016 0.18045008011185398 0
1670153890235 0.18023739813354941 0
1670153902295 0.18011914349468244 0
1670153914053 0.18001903905760178 0
1670153925623 0.17939301209089464 0
1670153938086 0.1793612427635553 0
1670153950033 0.17927317748563223 0
1670153961850 0.17921202247008766 0
1670153973746 0.17907306344693194 0
1670153985666 0.17882319273664082 0
1670153997514 0.17875274573338035 0
1670154009608 0.17871686349517346 0
1670154021590 0.17867911258227287 0
1670154033416 0.17863301695383124 0
1670154045462 0.17847017411072555 0
1670154057309 0.17844865771514 0
1670154069317 0.1784388667683376 0
1670154081479 0.17837422432897734 0
