1670347077178 0.544557917279078 0
1670347087840 0.4710486305741242 0
1670347098833 0.45091562927976797 0
1670347109355 0.43899141091307403 0
1670347120177 0.4295027993427704 0
1670347131366 0.4218866230906699 0
1670347141888 0.4164284486082223 0
1670347152703 0.413139296037086 0
1670347163426 0.4087999149229562 0
1670347174504 0.4052604270755951 0
1670347185314 0.4025723995312132 0
1670347196302 0.4012370838977969 0
1670347206949 0.39856355976048863 0
1670347217759 0.3962227296798763 0
1670347228827 0.3954537661270539 0
1670347240014 0.39348501775316524 0
1670347250743 0.39112919753954173 0
1670347261580 0.39035939295093036 0
1670347272458 0.38913246217403213 0
1670347283644 0.387450135152343 0
1670347294539 0.38640589988412244 0
1670347305400 0.38653424499156286 0
1670347316356 0.3853144902973241 0
1670347327183 0.3842886654939893 0
1670347338044 0.38161742646430047 0
1670347349084 0.3815437871558232 0
1670347359952 0.37639067873160187 0
1670347370692 0.375119788539216 0
1670347381405 0.37339009408490414 0
1670347392427 0.37293680343211927 0
1670347403118 0.3718482354333919 0
1670347414186 0.36820120164938575 0
1670347425276 0.36765515783621155 0
1670347436137 0.36729455430983277 0
1670347447248 0.3670189874377601 0
