1670337647455 0.08779319731080416 0
1670337658756 0.06431281304850067 0
1670337669443 0.060046950913047806 0
1670337680553 0.057003945299206826 0
1670337691542 0.054704677270731146 0
1670337702685 0.052779653244404534 0
1670337713664 0.05129605360964198 0
1670337724801 0.049765253356255236 0
1670337735900 0.04843303991872957 0
1670337746812 0.04719758634939096 0
1670337757551 0.046056073910292754 0
1670337768377 0.044952351965729526 0
1670337779018 0.043997274967038646 0
1670337789589 0.04308119895173634 0
1670337800232 0.042241535016759986 0
1670337811219 0.04163215079567993 0
1670337822241 0.04084019360274789 0
1670337832940 0.04017513168173063 0
1670337843672 0.039656255621314154 0
1670337854819 0.03903496547374853 0
1670337865640 0.03858808064563014 0
1670337876480 0.03809231616111976 0
1670337887444 0.03760104241377573 0
1670337898060 0.037161512067498986 0
1670337909037 0.0367870330246212 0
1670337920187 0.03640587768087554 0
1670337930845 0.03402053535890244 0
1670337941321 0.032836443439824975 0
1670337952349 0.03236454873760374 0
1670337963197 0.03203866721732128 0
1670337974086 0.031718358461056494 0
1670337984963 0.030452411387915986 0
1670337995858 0.029846620375909582 0
1670338006562 0.02957231979895343 0
1670338017712 0.029345789591102383 0
1670338028658 0.029141238571535086 0
1670338039423 0.028486963959152758 0
1670338050217 0.028209507900852315 0
1670338061241 0.028063098273642374 0
1670338072312 0.027935606164531043 0
1670338083068 0.027817059693806014 0
1670338094283 0.02748040549544103 0
1670338105559 0.02735492734768504 0
1670338116721 0.027277964456093574 0
1670338127714 0.027210962900330624 0
1670338138499 0.02714525320711504 0
1670338149287 0.026968319097856446 0
1670338160249 0.026913269986773326 0
1670338171245 0.026873246468651205 0
1670338182360 0.026837081689034682 0
