1677510732367 0.1494947081201593 0
1677510743548 0.10743993508770075 0
1677510754878 0.10006418732270465 0
1677510765348 0.09507775498031591 0
1677510776646 0.0914409773631304 0
1677510788185 0.08912313931189352 0
1677510799712 0.08678537670969637 0
1677510811365 0.08529906297147785 0
1677510822621 0.08369336945745366 0
1677510834106 0.08188945974669855 0
1677510844696 0.08056582059547357 0
1677510855956 0.07876183814670858 0
1677510867268 0.07825815255819478 0
1677510878631 0.07493896450596496 0
1677510890164 0.07387138351316673 0
1677510902040 0.07370228354356262 0
1677510913421 0.0729164249608934 0
1677510924905 0.0717465358698405 0
1677510934997 0.07155506174687074 0
1677510946514 0.0714904926737679 0
1677510957854 0.0712199546104366 0
1677510968464 0.07118778854613975 0
1677510978761 0.07096968255195985 0
1677510990175 0.07100652945881496 0
1677511001632 0.07111042003781501 0
1677511012866 0.07083791527141726 0
1677511024152 0.07073573613796688 0
1677511035801 0.07079219004113127 0
1677511047134 0.07081113276426255 0
1677511058464 0.0707526999473202 0
1677511069499 0.07076292946121514 0
