1677511441137 0.1426838753317629 0
1677511451523 0.10238321302286964 0
1677511463141 0.09511268618502175 0
1677511474510 0.09229331911371712 0
1677511485564 0.0880524741581244 0
1677511497354 0.08505308530989475 0
1677511508309 0.08338095480278691 0
1677511520349 0.08171074224156955 0
1677511531476 0.08059284492149517 0
1677511543024 0.07681193983963881 0
1677511554297 0.07584166126184642 0
1677511565403 0.07510478028575093 0
1677511576689 0.07467344441342515 0
1677511587948 0.07332072743568396 0
1677511599335 0.07297098670895244 0
1677511610425 0.07292515215543657 0
1677511621556 0.07289408872947355 0
1677511632707 0.07250254287252375 0
1677511644233 0.07242250720864775 0
1677511655627 0.07229288944984401 0
1677511667014 0.07209817387692619 0
1677511678382 0.07195456736272521 0
1677511689752 0.07228758791368098 0
1677511699221 0.0721367833580734 0
1677511710184 0.07208533948557637 0
1677511721592 0.07197303028084062 0
1677511733014 0.07221033903483731 0
1677511744647 0.07219834811067599 0
1677511756116 0.07201638780119515 0
