1677510490106 0.14652218096207084 0
1677510501663 0.10247311220565707 0
1677510512834 0.09289872922107976 0
1677510524218 0.08973085612526426 0
1677510535236 0.08783612955653292 0
1677510546774 0.08511743923677409 0
1677510558127 0.08330778517325356 0
1677510569568 0.08265601722569464 0
1677510581021 0.08138483029105711 0
1677510592044 0.07674056251464828 0
1677510603507 0.07525998713772626 0
1677510613139 0.07382716579547349 0
1677510623994 0.07359375693155566 0
1677510635005 0.07307368718994689 0
1677510646097 0.07322291792429023 0
1677510656398 0.07295396579706576 0
1677510667901 0.07295203286298414 0
1677510679255 0.07283959732746029 0
1677510690653 0.07294722957334981 0
1677510702186 0.07283854985116367 0
