1677509458121 0.14067363947069672 0
1677509469519 0.10144573102240624 0
1677509480669 0.09380097310567864 0
1677509492015 0.0943172717261954 0
1677509502819 0.09040086656716384 0
1677509514111 0.08546955265998188 0
1677509525376 0.0839828455939326 0
1677509536511 0.0821871149847816 0
1677509547997 0.08155959872194049 0
1677509559417 0.08108491852517806 0
1677509570576 0.0797348901300366 0
1677509582076 0.07944537096404099 0
1677509593524 0.07855095538095001 0
1677509604701 0.07797746742825848 0
1677509615761 0.07743777006831912 0
1677509627015 0.07732753512752298 0
1677509637983 0.07679985960369934 0
1677509648715 0.07375546951247385 0
1677509660099 0.07303757273132598 0
1677509671559 0.07174425498589392 0
1677509682875 0.07110032233487605 0
1677509693212 0.0698572831266791 0
1677509703854 0.06964261394091321 0
