1670334879412 0.14411733713430044 0
1670334890632 0.10418755196267442 0
1670334901656 0.09576194392876547 0
1670334912775 0.09633321154996587 0
1670334923982 0.0900492392865209 0
1670334934853 0.08712406337076262 0
1670334946176 0.08431714351762709 0
1670334957177 0.08271738795587716 0
1670334968425 0.08153442703534226 0
1670334979476 0.0807355124408865 0
1670334990656 0.07943277008631604 0
1670335001634 0.07794723458225045 0
1670335012309 0.07738100370175649 0
1670335023456 0.07637464067164206 0
1670335034431 0.07627862775373642 0
1670335045115 0.07594850065798889 0
1670335055896 0.07460495111449049 0
1670335066661 0.0739306443610381 0
1670335077861 0.07339095509488515 0
1670335088251 0.07304330339047091 0
1670335099068 0.07243157252003012 0
1670335110325 0.07195977068149732 0
1670335121593 0.07150657392316197 0
1670335132810 0.07117142175960157 0
1670335143712 0.07046874587004757 0
1670335154209 0.07052636748411986 0
1670335165102 0.06998872938633052 0
1670335175884 0.06974410689139283 0
1670335186716 0.06916154494472045 0
1670335197348 0.0690805742193811 0
1670335208033 0.06917662497492227 0
1670335219128 0.06637122985815279 0
1670335229632 0.06569166644880058 0
1670335240367 0.06516661845809853 0
1670335250846 0.06503954241475521 0
1670335261865 0.06459413031308206 0
1670335273142 0.06335282119728393 0
1670335284041 0.06298476090778136 0
1670335295035 0.06276716921511825 0
1670335305535 0.06271718814629101 0
1670335316602 0.06246783249358949 0
1670335327748 0.061836182405493254 0
1670335338809 0.06172000064216602 0
1670335349710 0.06141938584893915 0
1670335360269 0.061414079054262674 0
1670335371374 0.06132835611703731 0
1670335382338 0.060928300334483 0
1670335393298 0.06079176681119283 0
