1670344031605 0.14143498440438498 0
1670344042273 0.10099717804410419 0
1670344052973 0.10532436269650082 0
1670344063884 0.09364996859873488 0
1670344074593 0.08853500801338987 0
1670344085328 0.08646143239782247 0
1670344096292 0.08587474357469345 0
1670344107198 0.07968493741937832 0
1670344118481 0.07873909782429946 0
1670344129288 0.07695743853206247 0
1670344140457 0.07661913706696497 0
1670344151705 0.07599738219572388 0
1670344162247 0.07588405124292384 0
1670344172850 0.07575073283281959 0
1670344183875 0.07597943428964331 0
1670344195147 0.07576287491714503 0
1670344206311 0.07572064757738742 0
1670344217161 0.07567700794261396 0
1670344228132 0.07561687591803033 0
1670344238917 0.07572792192231262 0
