                               






t2m
0.2502
0.4215
0.7011
1.2438
0.2066
0.0952

u10
1.3534
0.8266
0.2298
0.3305
0.6600

v10
0.6803
0.2276
0.5463
0.6454

z
1.1064
0.1785
0.1848

t
0.3167
0.0566

tcc 
0.3999

t, t2m, z, v10, u10, tp, tcc
[0.7112, 0.0709, 0.1207, 0.5341, 0, 0.0857, 0.0063], 
[[0, 0.2372, 0.3441, 0.5068, 0.5326, 0.1715, 0.0742], 
[0.1943, 0.3980, 0.2435, 0, 0.5723, 0.0394, 0.0959],
[0.0774, 0.7039, 0, 0.4368, 0.1069, 0.1861, 0.1784], 
[0.0130, 0, 0.6495, 0.4286, 0.1589, 0.1426, 0.2390],  
[0.0210, 0.4211, 0.4670, 0.0889, 0.0503, 0.2109, 0]]
[0.0351, 0.1879, 0.3602, 0.1391, 0.2310, 0, 0.1881],

[[1, 0.711, 0.534, 0.121, 0.071, 0.006, 0.086],
[0.533, 1, 0.507, 0.344, 0.237, 0.074, 0.172],
[0.572, 0.194, 1, 0.243, 0.398, 0.096, 0.039], 
[0.107, 0.077, 0.437, 1, 0.704, 0.178, 0.186],
[0.159, 0.013, 0.429, 0.649, 1, 0.239, 0.143],
[0.050, 0.021, 0.089, 0.467, 0.421, 1, 0.211],
[0.231, 0.035, 0.139, 0.360, 0.188, 0.188, 1]]
