Z ANALYSIS
[0.00001, 0.001, 0.25, 0.5, 0.75, 0.999, 0.99999]


T2M:
[[0.07221150508482162, 0.07224571808968505, 0.08003688624052152, 0.08840698469175051, 0.10180603912840151, 0.2984542510076745, 3.254604198181466], [0.07220801409487039, 0.07223559901220342, 0.07988887474655289, 0.08835110697027755, 0.10176453851673702, 0.29955132262755746, 3.2451516004457868], [0.07227796077830334, 0.07230332765268953, 0.07986251826155676, 0.0882713610484992, 0.10221877207290636, 0.29695381042483737, 3.2379598692671894], [0.07237382664357962, 0.07243495086998972, 0.07999500323035946, 0.08873016922032996, 0.10158212853417005, 0.3002312626944829, 3.2350502344026957], [0.07269027788855442, 0.07257192336941419, 0.08042877267484795, 0.08894011533423646, 0.10239701993661383, 0.29985484703354637, 3.2309936138048565], [0.09936719069333926, 0.09917291264011435, 0.1028516183875195, 0.10840805550552395, 0.11887327930698656, 0.3548000160961935, 3.3319766305897334], [0.26678838646166947, 0.26628727831252635, 0.2656960698023234, 0.26561165586726304, 0.2645802153095807, 0.5669593800012379, 4.053000990985191]]

U10:
[[0.07221013017713207, 0.07223710574924129, 0.07777272619000852, 0.08316192991317135, 0.09100533679944195, 0.22915460271378085, 2.393272594393116], [0.07221353431678798, 0.07224827413383413, 0.0779368261717362, 0.0830811981264859, 0.09088984361454232, 0.22717704503503564, 2.3914331431258216], [0.07408719712434567, 0.07427040149189838, 0.08003685000824602, 0.08519589405966131, 0.09277618139573973, 0.22944275132597308, 2.4009064177944235], [0.07684308091459209, 0.07685706727206706, 0.08290092189834543, 0.0886910982123793, 0.09655248472747738, 0.22978424254345567, 2.3987825336521618], [0.08113914938924248, 0.08177063158930165, 0.08753619400197513, 0.09347415738930441, 0.1023026871558738, 0.23455538241422338, 2.391284889554324], [0.13002627631776953, 0.12962661218153287, 0.1337700427292961, 0.13873039856553077, 0.14577129515883042, 0.3590318950684103, 2.630551204126175], [0.37579643175210037, 0.37596723914962926, 0.3786995934705212, 0.3805120982944149, 0.3835961368802476, 0.8587634253991794, 4.0380597562006075]]

V10:
[[0.07220887720380743, 0.07225092067702175, 0.07926958449286957, 0.08659135762040746, 0.09468938652170847, 0.27180773615837095, 3.0457561860345814], [0.0722096074780781, 0.07223409145356041, 0.07914222112461312, 0.08628889825450231, 0.09549415792300277, 0.2739189145091462, 3.029025190986999], [0.07285822441622819, 0.07282700323282856, 0.07984637888020849, 0.08683897128252134, 0.096457903342296, 0.274529468155887, 3.027764336540274], [0.07400436280933145, 0.0739294819942076, 0.08124825522711832, 0.08861756173715199, 0.09849202699244838, 0.27284841676280924, 3.0413405240398563], [0.07618581787874437, 0.07645074424576269, 0.08397386196541459, 0.09212656378337782, 0.10285692298657273, 0.272655007263569, 3.031280275566937], [0.11437639632861908, 0.1146092625003155, 0.11841429018811003, 0.12418400266603248, 0.1336864124013953, 0.3550409785280489, 3.097822046933109], [0.31697436407820817, 0.3151418207034673, 0.3146454772720598, 0.3140909014907602, 0.3111395172264478, 0.7913264409319996, 4.0437281837202095]]

T:
[[0.07221007880384792, 0.07222032289798945, 0.07519504887192216, 0.08010669960449003, 0.09016718587850871, 0.22610276167931623, 1.7261592420813157], [0.07222282758926692, 0.07223547324027917, 0.0751948489003802, 0.08006888930622029, 0.08985836932512178, 0.2267322451284487, 1.7359287408933248], [0.07691262660879795, 0.07688937608713974, 0.08018278316275715, 0.08514524313480887, 0.09469956727060554, 0.23054061399338996, 1.7301788720366074], [0.08033365479172909, 0.08036713400115705, 0.08341315376942289, 0.08871543089004412, 0.09901952320990497, 0.23498324835545395, 1.7305687685535378], [0.0834903480051315, 0.08372532220123566, 0.08658075164238067, 0.0919305662382139, 0.10189250593316065, 0.24302795874337627, 1.728421060189809], [0.12726164773514825, 0.126967163802418, 0.12875351555747527, 0.131422282387949, 0.13794432780514024, 0.3574556763653886, 2.407734054735262], [0.4225386883298012, 0.4197546705807725, 0.4254983384315282, 0.42871120314892025, 0.42509365935031684, 0.7831455394013287, 4.0268264891350105]]

TCC:
[[0.07221073040304934, 0.07223651471407447, 0.07974810334917617, 0.08814812067845096, 0.10120223325817553, 0.3391441691819936, 3.8659231313287394], [0.07220806419747333, 0.07223504430116856, 0.07970884750048592, 0.08807021680555932, 0.10189107659540764, 0.34100455392713414, 3.9053623731822182], [0.07235593863648095, 0.07235115243453685, 0.08006615673434245, 0.08834050993805062, 0.10196169649493204, 0.34036193561472305, 3.8732693887736698], [0.07254282871950163, 0.07258018072031132, 0.08003594093024731, 0.08861603556226377, 0.10173412442003212, 0.33927839353476485, 3.8646326757457157], [0.07301737244100603, 0.07310574112383471, 0.08057208170935716, 0.08921236346845758, 0.10279488690095405, 0.34013220565776303, 3.865131644026874], [0.09036875700909798, 0.0904410927569213, 0.09741778458430342, 0.10450108292168134, 0.11539317424574944, 0.35702038488975946, 3.886026311573917], [0.2519332319089811, 0.25150167039812427, 0.2498577549032969, 0.24699143230506818, 0.2440239207997714, 0.45354083482533286, 4.018017503660019]]

TP:
[[0.07220858555950531, 0.07221893270640341, 0.08004218293991808, 0.08826146823902653, 0.1018067966993541, 0.324607480531686, 3.652590868897634], [0.0722107978512163, 0.07225151691738874, 0.07978017526640467, 0.08823923795190576, 0.10189500789936275, 0.3225740493772781, 3.636877059283322], [0.07230423629181842, 0.07230230451957004, 0.0798468835447749, 0.08838424550956242, 0.10175555000362331, 0.32291361875321767, 3.639081647951309], [0.07243852677104408, 0.07248595324281144, 0.07998376333039918, 0.08866237548932637, 0.10222396199425605, 0.3246336523392429, 3.6598913045778665], [0.07275211821782263, 0.07284616093623311, 0.08046239515485828, 0.0889972732185501, 0.10292702160061222, 0.32492146038845793, 3.655332775638528], [0.08812126387676147, 0.08782510362463454, 0.09404605711772017, 0.1012585690678799, 0.11318095832654874, 0.35851983383093794, 3.7242651459288925], [0.2511438410984327, 0.2497256553948742, 0.2510179284704875, 0.25100498546476235, 0.25252260974008744, 0.445895693073534, 4.0354999421394036]]

